Positive/WIN_20230601_10_44_34_Pro.jpg 1 842 363 230 329
Positive/WIN_20230601_10_44_35_Pro.jpg 1 828 379 222 305
Positive/WIN_20230601_10_44_37_Pro.jpg 1 886 369 220 312
Positive/WIN_20230601_10_44_39_Pro.jpg 1 858 345 248 336
Positive/WIN_20230601_10_44_41_Pro.jpg 1 858 345 219 400
Positive/WIN_20230601_10_44_46_Pro.jpg 1 1009 362 156 309
Positive/WIN_20230601_10_44_47_Pro.jpg 1 760 354 176 316
Positive/WIN_20230601_10_44_50_Pro.jpg 1 799 362 225 230
Positive/WIN_20230601_10_44_52_Pro.jpg 1 977 461 202 291
Positive/WIN_20230601_10_44_54_Pro.jpg 1 898 354 79 398
Positive/WIN_20230601_10_44_55_Pro.jpg 1 789 348 240 274
Positive/WIN_20230601_10_45_05_Pro.jpg 1 796 884 203 72
Positive/WIN_20230601_10_45_06_Pro (2).jpg 1 794 715 228 144
Positive/WIN_20230601_10_45_06_Pro (3).jpg 1 789 655 246 187
Positive/WIN_20230601_10_45_06_Pro (4).jpg 1 780 598 245 197
Positive/WIN_20230601_10_45_06_Pro.jpg 0
Positive/WIN_20230601_10_45_07_Pro (2).jpg 1 781 487 254 279
Positive/WIN_20230601_10_45_07_Pro (3).jpg 1 793 451 240 291
Positive/WIN_20230601_10_45_07_Pro (4).jpg 1 804 418 229 324
Positive/WIN_20230601_10_45_07_Pro.jpg 1 786 543 244 254
Positive/WIN_20230601_10_45_10_Pro (2).jpg 1 834 295 286 436
Positive/WIN_20230601_10_45_10_Pro.jpg 1 888 300 252 421
Positive/WIN_20230601_10_45_11_Pro (2).jpg 1 799 310 281 401
Positive/WIN_20230601_10_45_11_Pro (3).jpg 1 790 287 277 431
Positive/WIN_20230601_10_45_11_Pro.jpg 1 817 311 287 433
Positive/WIN_20230601_10_45_12_Pro (2).jpg 1 720 301 265 412
Positive/WIN_20230601_10_45_12_Pro (3).jpg 1 676 303 267 387
Positive/WIN_20230601_10_45_12_Pro.jpg 1 744 322 289 394
Positive/WIN_20230601_10_45_13_Pro (2).jpg 1 664 317 269 392
Positive/WIN_20230601_10_45_13_Pro (3).jpg 1 660 314 284 379
Positive/WIN_20230601_10_45_13_Pro.jpg 1 646 315 249 382
Positive/WIN_20230601_10_45_14_Pro (2).jpg 1 740 333 288 376
Positive/WIN_20230601_10_45_14_Pro (3).jpg 1 752 322 281 387
Positive/WIN_20230601_10_45_14_Pro.jpg 1 705 323 267 381
Positive/WIN_20230601_10_45_15_Pro (2).jpg 1 792 313 291 417
Positive/WIN_20230601_10_45_15_Pro (3).jpg 1 821 323 267 411
Positive/WIN_20230601_10_45_15_Pro (4).jpg 1 842 272 258 401
Positive/WIN_20230601_10_45_15_Pro.jpg 1 788 329 273 396
Positive/WIN_20230601_10_45_16_Pro (2).jpg 1 792 266 236 367
Positive/WIN_20230601_10_45_16_Pro (3).jpg 1 732 307 301 258
Positive/WIN_20230601_10_45_16_Pro (4).jpg 1 714 276 279 333
Positive/WIN_20230601_10_45_16_Pro.jpg 1 801 296 266 307
Positive/WIN_20230601_10_45_17_Pro (2).jpg 1 686 301 321 334
Positive/WIN_20230601_10_45_17_Pro (3).jpg 1 679 285 288 385
Positive/WIN_20230601_10_45_17_Pro.jpg 1 713 279 269 344
Positive/WIN_20230601_10_45_18_Pro (2).jpg 1 701 381 267 418
Positive/WIN_20230601_10_45_18_Pro (3).jpg 1 749 410 274 381
Positive/WIN_20230601_10_45_18_Pro.jpg 1 670 374 236 382
Positive/WIN_20230601_10_45_19_Pro (2).jpg 1 836 548 282 295
Positive/WIN_20230601_10_45_19_Pro (3).jpg 1 825 582 285 267
Positive/WIN_20230601_10_45_19_Pro.jpg 1 789 474 278 305
Positive/WIN_20230601_10_45_20_Pro (2).jpg 1 704 577 221 294
Positive/WIN_20230601_10_45_20_Pro (3).jpg 1 655 502 248 314
Positive/WIN_20230601_10_45_20_Pro (4).jpg 1 666 463 207 310
Positive/WIN_20230601_10_45_20_Pro.jpg 1 750 557 288 342
